10 0
18 0
17 2
21 7
19 12
23 16
26 12
29 12
30 9
35 8
38 11
37 20
34 21
36 24
34 25
32 41
30 42
31 45
29 46
27 58
24 59
26 74
23 75
26 76
26 79
23 80
27 82
28 116
32 118
33 135
45 153
83 171
84 174
92 176
93 179
110 189
112 188
115 171
112 137
110 136
108 122
109 82
117 70
119 51
126 37
134 28
150 23
153 26
152 35
149 36
152 40
160 39
163 44
160 45
152 59
149 60
147 65
144 66
140 74
133 78
134 128
137 130
144 153
147 154
149 160
170 186
170 189
173 190
182 204
184 204
186 210
189 211
199 227
200 224
209 224
210 227
249 228
251 232
252 229
283 239
285 242
293 244
295 247
299 247
328 265
343 280
343 283
349 286
350 290
365 275
378 276
384 280
386 279
387 254
390 252
388 247
391 246
390 205
387 204
385 196
378 187
380 183
377 181
377 177
380 176
377 175
377 167
380 166
381 158
387 155
399 170
401 163
406 158
411 161
410 167
414 171
414 189
416 190
415 198
417 199
414 232
411 233
413 236
410 238
413 246
411 247
410 303
413 304
411 312
406 318
396 322
396 324
379 326
365 319
363 313
362 332
368 340
369 347
372 348
373 373
382 388
388 389
389 386
400 390
410 405
423 394
426 394
440 379
447 376
452 369
458 366
458 363
463 359
466 340
469 339
472 330
489 316
496 316
499 319
498 331
494 335
501 337
502 334
507 333
507 343
487 371
439 410
409 445
400 448
400 446
390 446
372 435
367 425
370 424
367 423
367 418
370 417
369 407
367 406
368 403
354 391
346 413
343 414
336 429
311 451
274 490
265 495
265 508
267 509
267 515
264 516
267 517
263 534
259 540
294 539
307 542
308 546
315 546
322 552
320 559
310 560
308 564
294 565
293 568
264 569
263 572
275 601
282 604
310 602
311 600
314 601
315 599
332 598
333 595
337 598
338 594
366 594
368 598
375 597
383 604
384 609
379 613
342 611
317 613
316 615
328 620
329 623
349 631
358 642
358 650
350 659
344 659
320 635
309 629
304 629
310 636
312 643
315 644
317 653
321 655
322 670
319 675
314 676
313 679
306 680
299 674
285 643
273 629
268 629
265 623
251 611
238 587
228 587
227 589
230 590
230 599
228 600
221 626
219 626
210 644
207 645
204 658
201 660
199 696
195 699
177 699
172 691
172 674
175 671
179 653
181 652
180 650
166 664
158 680
155 681
153 689
142 695
131 686
131 677
142 662
165 643
161 638
155 641
154 638
150 639
150 642
135 643
134 647
106 659
97 659
94 656
94 650
97 649
97 646
104 639
107 640
108 636
124 633
125 631
150 628
151 626
186 621
187 624
189 620
196 617
199 605
202 604
202 577
186 560
186 557
176 553
175 550
172 550
158 523
147 522
146 518
139 523
122 524
118 522
117 518
114 519
109 513
109 500
114 490
132 473
143 470
143 468
156 466
157 464
171 463
185 480
186 475
183 473
183 462
187 462
189 458
214 458
216 462
217 459
224 462
228 460
226 455
228 454
227 424
225 423
222 403
200 383
197 383
170 357
158 352
134 349
106 339
104 336
96 334
95 331
85 329
84 326
68 333
57 333
56 331
42 328
13 313
12 310
0 304
0 296
6 294
8 290
15 289
16 286
32 278
37 278
40 274
37 250
40 248
37 247
34 231
31 229
29 220
26 218
13 189
10 187
6 173
8 172
5 169
2 136
0 135
0 126
2 125
0 124
0 81
3 80
0 79
0 75
3 74
0 73
3 58
0 55
0 10
3 9
5 3